2 1
3 1
4 1
5 2
6 2
7 5
8 2
9 7
10 8
11 7
12 7
13 10
14 3
15 9
16 10
17 10
18 5
19 3
20 11
21 9
22 3
23 7
24 7
25 21
26 9
27 15
28 1
29 20
30 22
31 28
32 22
33 32
34 8
35 27
36 23
37 11
38 9
39 19
40 9
41 27
42 15
43 4
44 11
45 1
46 30
47 14
48 23
49 2
50 21
51 23
52 48
53 13
54 18
55 47
56 2
57 17
58 37
59 48
60 15
61 60
62 2
63 38
64 24
65 10
66 46
67 12
68 36
69 43
70 49
71 30
72 37
73 65
74 35
75 50
76 73
77 2
78 3
79 62
80 46
81 6
82 25
83 21
84 37
85 75
86 78
87 70
88 60
89 29
90 33
91 46
92 44
93 22
94 65
95 18
96 84
97 91
98 68
99 46
100 36
